v3.0 hex words addressed
000: 0000000000000000 0820000000200000 0820000000200000 0012000000000000 0000c00000000300 60c0000000000300 60c0000000000300 0000000080000000
008: 0000000000000000 0000000000000000 0000000000000000 0000000000000000 0000000000000000 0000000000000000 0000000000000000 0000000000000000
010: 0000000000000000 0000000000000000 0000000000000000 0000000000000000 0000000000000000 0000000000000000 0000000000000000 0000000000000000
018: 000c000806000000 0000000400002000 0001000000002000 0000000000100000 0000000000000000 0000000000000000 0000000000000000 0000000000000000
020: 0000000000000000 0000000000000000 0000000000000000 0000000000000000 0000000000000000 0000000000000000 0000000000000000 0000000000000000
028: 0000000000000000 0000000000000000 0000000000000000 0000000000000000 0000000000000000 0000000000000000 0000000000000000 0000000000000000
030: 0000000000000000 0000000000000000 0000000000000000 0000000000000000 0000000000000000 0000000000000000 0000000000000000 0000000000000000
038: 000c000806000000 0000000400002000 0001000000002000 0000000000100000 0000000000000000 0000000000000000 0000000000000000 0000000000000000
040: 0000000000000000 0000000000000000 0000000000000000 0000000000000000 0000000000000000 0000000000000000 0000000000000000 0000000000000000
048: 0001000800400200 0000000801400400 0100000800002000 0001000400002000 0001000000002000 0000000000100000 0000000000000000 0000000000000000
050: 0000000000000000 0000000000000000 0000000000000000 0000000000000000 0000000000000000 0000000000000000 0000000000000000 0000000000000000
058: 0000000001c14010 1000000000030000 000000000181c008 8000000000010000 0000000400002000 0001000000002000 0000000000100000 0000000000000000
060: 0000000000000000 0000000000000000 0000000000000000 0000000000000000 0000000000000000 0000000000000000 0000000000000000 0000000000000000
068: 0000000000000000 0000000000000000 0000000000000000 0000000000000000 0000000000000000 0000000000000000 0000000000000000 0000000000000000
070: 000cc28000001880 0000c00000000880 60c0c00000000880 60c0c00000000880 000cf00000001880 0000000400002000 0001000000002000 0000000000100000
078: 000cc14000001880 0000c00000000880 60c0c00000000880 60c0c00000000880 000ccc0000001880 0000c00000000880 60c0c00000000880 60c0c00000000880
080: 0001000000002000 0000000000100000 0000000000000000 0000000000000000 0000000000000000 0000000000000000 0000000000000000 0000000000000000
088: 0000000001400460 0100000001401862 0001000001400c62 0100000001401864 0001000001400c64 0100000001401866 0001000001400c66 0100000400002000
090: 0001000000002000 0000000000100000 0000000000000000 0000000000000000 0000000000000000 0000000000000000 0000000000000000 0000000000000000
098: 0000000400002040 0001000000002040 0000000000100040 0000000000000000 0000000000000000 0000000000000000 0000000000000000 0000000000000000
0a0: 0000000000000000 0000000000000000 0000000000000000 0000000000000000 0000000000000000 0000000000000000 0000000000000000 0000000000000000
0a8: 000c000806000000 0000000400002000 0001000000002000 0000000000100000 0000000000000000 0000000000000000 0000000000000000 0000000000000000
0b0: 0000000000000000 0000000000000000 0000000000000000 0000000000000000 0000000000000000 0000000000000000 0000000000000000 0000000000000000
0b8: 000c000806000000 0000000400002000 0001000000002000 0000000000100000 0000000000000000 0000000000000000 0000000000000000 0000000000000000
0c0: 0000000000000000 0000000000000000 0000000000000000 0000000000000000 0000000000000000 0000000000000000 0000000000000000 0000000000000000
0c8: 000c000806000000 0000000400002000 0001000000002000 0000000000100000 0000000000000000 0000000000000000 0000000000000000 0000000000000000
0d0: 0000000000000000 0000000000000000 0000000000000000 0000000000000000 0000000000000000 0000000000000000 0000000000000000 0000000000000000
0d8: 000c000806000000 0000000400002000 0001000000002000 0000000000100000 0000000000000000 0000000000000000 0000000000000000 0000000000000000
0e0: 0000000000000000 0000000000000000 0000000000000000 0000000000000000 0000000000000000 0000000000000000 0000000000000000 0000000000000000
0e8: 0000000400002000 0001000000002000 0000000000100000 0000000000000000 0000000000000000 0000000000000000 0000000000000000 0000000000000000
0f0: 0000000000000000 0000000000000000 0000000000000000 0000000000000000 0000000000000000 0000000000000000 0000000000000000 0000000000000000
0f8: 0001000000000001 0220000000000000 0220000000000000 8002000000080000 0000000400002000 0001000000002000 0000000000100000 0000000000000000
100: 0000000000000000 0000000000000000 0000000000000000 0000000000000000 0000000000000000 0000000000000000 0000000000000000 0000000000000000
108: 0000000000000000 0000000000000000 0000000000000000 0000000000000000 0000000000000000 0000000000000000 0000000000000000 0000000000000000
110: 0000000000000000 0000000000000000 0000000000000000 0000000000000000 0000000000000000 0000000000000000 0000000000000000 0000000000000000
118: 000c000806000000 0000000400002000 0001000000002000 0000000000100000 0000000000000000 0000000000000000 0000000000000000 0000000000000000
120: 0000000000000000 0000000000000000 0000000000000000 0000000000000000 0000000000000000 0000000000000000 0000000000000000 0000000000000000
128: 0000000000000000 0000000000000000 0000000000000000 0000000000000000 0000000000000000 0000000000000000 0000000000000000 0000000000000000
130: 0000000000000000 0000000000000000 0000000000000000 0000000000000000 0000000000000000 0000000000000000 0000000000000000 0000000000000000
138: 0000000000000000 0000000000000000 0000000000000000 0000000000000000 0000000000000000 0000000000000000 0000000000000000 0000000000000000
140: 0000000000000000 0000000000000000 0000000000000000 0000000000000000 0000000000000000 0000000000000000 0000000000000000 0000000000000000
148: 0000000000000000 0000000000000000 0000000000000000 0000000000000000 0000000000000000 0000000000000000 0000000000000000 0000000000000000
150: 0000000000000000 0000000000000000 0000000000000000 0000000000000000 0000000000000000 0000000000000000 0000000000000000 0000000000000000
158: 0000000000000000 0000000000000000 0000000000000000 0000000000000000 0000000000000000 0000000000000000 0000000000000000 0000000000000000
160: 0000000000000000 0000000000000000 0000000000000000 0000000000000000 0000000000000000 0000000000000000 0000000000000000 0000000000000000
168: 0000000000000000 0000000000000000 0000000000000000 0000000000000000 0000000000000000 0000000000000000 0000000000000000 0000000000000000
170: 0000000000000000 0000000000000000 0000000000000000 0000000000000000 0000000000000000 0000000000000000 0000000000000000 0000000000000000
178: 0000000000000000 0000000000000000 0000000000000000 0000000000000000 0000000000000000 0000000000000000 0000000000000000 0000000000000000
180: 0000000000000000 0000000000000000 0000000000000000 0000000000000000 0000000000000000 0000000000000000 0000000000000000 0000000000000000
188: 0000000000000000 0000000000000000 0000000000000000 0000000000000000 0000000000000000 0000000000000000 0000000000000000 0000000000000000
190: 0000000000000000 0000000000000000 0000000000000000 0000000000000000 0000000000000000 0000000000000000 0000000000000000 0000000000000000
198: 0000000000000000 0000000000000000 0000000000000000 0000000000000000 0000000000000000 0000000000000000 0000000000000000 0000000000000000
1a0: 0000000000000000 0000000000000000 0000000000000000 0000000000000000 0000000000000000 0000000000000000 0000000000000000 0000000000000000
1a8: 0000000000000000 0000000000000000 0000000000000000 0000000000000000 0000000000000000 0000000000000000 0000000000000000 0000000000000000
1b0: 0000000000000000 0000000000000000 0000000000000000 0000000000000000 0000000000000000 0000000000000000 0000000000000000 0000000000000000
1b8: 0000000000000000 0000000000000000 0000000000000000 0000000000000000 0000000000000000 0000000000000000 0000000000000000 0000000000000000
1c0: 0000000000000000 0000000000000000 0000000000000000 0000000000000000 0000000000000000 0000000000000000 0000000000000000 0000000000000000
1c8: 0000000000000000 0000000000000000 0000000000000000 0000000000000000 0000000000000000 0000000000000000 0000000000000000 0000000000000000
1d0: 0000000000000000 0000000000000000 0000000000000000 0000000000000000 0000000000000000 0000000000000000 0000000000000000 0000000000000000
1d8: 0000000000000000 0000000000000000 0000000000000000 0000000000000000 0000000000000000 0000000000000000 0000000000000000 0000000000000000
1e0: 0000000000000000 0000000000000000 0000000000000000 0000000000000000 0000000000000000 0000000000000000 0000000000000000 0000000000000000
1e8: 0000002000000000 0000000000000000 0000000000000000 0000000000000000 0000000000000000 0000000000000000 0000000000000000 0000000000000000
1f0: 0000000000000000 0000000000000000 0000000000000000 0000000000000000 0000000000000000 0000000000000000 0000000000000000 0000000000000000
1f8: 0001000000000080 0220000000000000 0220000000000000 10020000000c0000 0000000400002000 0001000000002000 0000000000100000 0000000000000000
